eye 85 200 85
look 0 0 0
up 0 1 0
d 200
bounds -2 -2 2 2
res 2048 2048
recursionLevel 3
ambient 0.1 0.1 0.1
light 200 100 -200 1 0.8 0.8 0.8
light -200 100 200 1 0.8 0.8 0.8
model 1.0 0.0 0.0 90 3.5 0 -0.3 0 checker.obj
#row 1
sphere -1.2 0.5 0 0.3 0.1 0.1 0.1 0.9 0.9 0.0 0.7 0.7 0.7 1 1 1 .2 .2 .2 2.0
sphere 1.2 0.5 0 0.3 0.1 0.1 0.1 0.9 0.9 0.0 0.7 0.7 0.7 1 1 1 .2 .2 .2 2.0

sphere -1.2 0.5 0.6 0.3 0.1 0.1 0.1 0.9 0.9 0.0 0.7 0.7 0.7 1 1 1 .2 .2 .2 2.0
sphere 1.2 0.5 0.6 0.3 0.1 0.1 0.1 0.9 0.9 0.0 0.7 0.7 0.7 1 1 1 .2 .2 .2 2.0

sphere -1.2 0.5 -0.6 0.3 0.1 0.1 0.1 0.9 0.9 0.0 0.7 0.7 0.7 1 1 1 .2 .2 .2 2.0
sphere 1.2 0.5 -0.6 0.3 0.1 0.1 0.1 0.9 0.9 0.0 0.7 0.7 0.7 1 1 1 .2 .2 .2 2.0

sphere -1.2 0.5 1.2 0.3 0.1 0.1 0.1 0.9 0.9 0.0 0.7 0.7 0.7 1 1 1 .2 .2 .2 2.0
sphere -0.6 0.5 1.2 0.3 0.1 0.1 0.1 0.9 0.9 0.0 0.7 0.7 0.7 1 1 1 .2 .2 .2 2.0
sphere 0 0.5 1.2 0.3 0.1 0.1 0.1 0.9 0.9 0.0 0.7 0.7 0.7 1 1 1 .2 .2 .2 2.0
sphere 0.6 0.5 1.2 0.3 0.1 0.1 0.1 0.9 0.9 0.0 0.7 0.7 0.7 1 1 1 .2 .2 .2 2.0
sphere 1.2 0.5 1.2 0.3 0.1 0.1 0.1 0.9 0.9 0.0 0.7 0.7 0.7 1 1 1 .2 .2 .2 2.0

sphere -1.2 0.5 -1.2 0.3 0.1 0.1 0.1 0.9 0.9 0.0 0.7 0.7 0.7 1 1 1 .2 .2 .2 2.0
sphere -0.6 0.5 -1.2 0.3 0.1 0.1 0.1 0.9 0.9 0.0 0.7 0.7 0.7 1 1 1 .2 .2 .2 2.0
sphere 0 0.5 -1.2 0.3 0.1 0.1 0.1 0.9 0.9 0.0 0.7 0.7 0.7 1 1 1 .2 .2 .2 2.0
sphere 0.6 0.5 -1.2 0.3 0.1 0.1 0.1 0.9 0.9 0.0 0.7 0.7 0.7 1 1 1 .2 .2 .2 2.0
sphere 1.2 0.5 -1.2 0.3 0.1 0.1 0.1 0.9 0.9 0.0 0.7 0.7 0.7 1 1 1 .2 .2 .2 2.0
#row 2
sphere -0.9 1.0 -0.9 0.3 0.1 0.1 0.1 0.9 0.9 0.0 0.7 0.7 0.7 1 1 1 .2 .2 .2 2.0
sphere -0.3 1.0 -0.9 0.3 0.1 0.1 0.1 0.9 0.9 0.0 0.7 0.7 0.7 1 1 1 .2 .2 .2 2.0
sphere 0.3 1.0 -0.9 0.3 0.1 0.1 0.1 0.9 0.9 0.0 0.7 0.7 0.7 1 1 1 .2 .2 .2 2.0
sphere 0.9 1.0 -0.9 0.3 0.1 0.1 0.1 0.9 0.9 0.0 0.7 0.7 0.7 1 1 1 .2 .2 .2 2.0

sphere -0.9 1.0 -0.3 0.3 0.1 0.1 0.1 0.9 0.9 0.0 0.7 0.7 0.7 1 1 1 .2 .2 .2 2.0
sphere 0.9 1.0 -0.3 0.3 0.1 0.1 0.1 0.9 0.9 0.0 0.7 0.7 0.7 1 1 1 .2 .2 .2 2.0

sphere -0.9 1.0 0.3 0.3 0.1 0.1 0.1 0.9 0.9 0.0 0.7 0.7 0.7 1 1 1 .2 .2 .2 2.0
sphere 0.9 1.0 0.3 0.3 0.1 0.1 0.1 0.9 0.9 0.0 0.7 0.7 0.7 1 1 1 .2 .2 .2 2.0

sphere -0.9 1.0 0.9 0.3 0.1 0.1 0.1 0.9 0.9 0.0 0.7 0.7 0.7 1 1 1 .2 .2 .2 2.0
sphere -0.3 1.0 0.9 0.3 0.1 0.1 0.1 0.9 0.9 0.0 0.7 0.7 0.7 1 1 1 .2 .2 .2 2.0
sphere 0.3 1.0 0.9 0.3 0.1 0.1 0.1 0.9 0.9 0.0 0.7 0.7 0.7 1 1 1 .2 .2 .2 2.0
sphere 0.9 1.0 0.9 0.3 0.1 0.1 0.1 0.9 0.9 0.0 0.7 0.7 0.7 1 1 1 .2 .2 .2 2.0
#row 3
sphere -0.6 1.5 -0.6 0.3 0.1 0.1 0.1 0.9 0.9 0.0 0.7 0.7 0.7 1 1 1 .2 .2 .2 2.0
sphere 0 1.5 -0.6 0.3 0.1 0.1 0.1 0.9 0.9 0.0 0.7 0.7 0.7 1 1 1 .2 .2 .2 2.0
sphere 0.6 1.5 -0.6 0.3 0.1 0.1 0.1 0.9 0.9 0.0 0.7 0.7 0.7 1 1 1 .2 .2 .2 2.0

sphere -0.6 1.5 0 0.3 0.1 0.1 0.1 0.9 0.9 0.0 0.7 0.7 0.7 1 1 1 .2 .2 .2 2.0
sphere 0.6 1.5 0 0.3 0.1 0.1 0.1 0.9 0.9 0.0 0.7 0.7 0.7 1 1 1 .2 .2 .2 2.0

sphere -0.6 1.5 0.6 0.3 0.1 0.1 0.1 0.9 0.9 0.0 0.7 0.7 0.7 1 1 1 .2 .2 .2 2.0
sphere 0 1.5 0.6 0.3 0.1 0.1 0.1 0.9 0.9 0.0 0.7 0.7 0.7 1 1 1 .2 .2 .2 2.0
sphere 0.6 1.5 0.6 0.3 0.1 0.1 0.1 0.9 0.9 0.0 0.7 0.7 0.7 1 1 1 .2 .2 .2 2.0
#row 4
sphere -0.3 2.0 0.3 0.3 0.1 0.1 0.1 0.9 0.9 0.0 0.7 0.7 0.7 1 1 1 .2 .2 .2 2.0
sphere 0.3 2.0 0.3 0.3 0.1 0.1 0.1 0.9 0.9 0.0 0.7 0.7 0.7 1 1 1 .2 .2 .2 2.0

sphere -0.3 2.0 -0.3 0.3 0.1 0.1 0.1 0.9 0.9 0.0 0.7 0.7 0.7 1 1 1 .2 .2 .2 2.0
sphere 0.3 2.0 -0.3 0.3 0.1 0.1 0.1 0.9 0.9 0.0 0.7 0.7 0.7 1 1 1 .2 .2 .2 2.0
#row 5
sphere 0 2.5 0 0.3 0.1 0.1 0.1 0.9 0.9 0.0 0.7 0.7 0.7 1 1 1 .2 .2 .2 2.0