eye 0 0 150
look 0 0 0
up 0 1 0
d 5
bounds -8 -4.5 8 4.5
res 1920 1080
recursionLevel 5
ambient 0.0 0.0 0.0
light 0 -20 150 1 0.25 0.25 0.25
light 0 20 150 1 0.25 0.25 0.25
light 20 0 150 1 0.25 0.25 0.25
light -20 0 150 1 0.25 0.25 0.25
sphere 20 20 30 14 0.2 0.7 0.2 0.1 0.1 0.7 0.50 0.50 0.50 0.9 0.9 0.9
sphere -20 -20 30 14 0.2 0.7 0.2 0.1 0.7 0.7 0.50 0.50 0.50 0.9 0.9 0.9
sphere 20 -20 30 14 0.2 0.7 0.2 0.35 0.1 0.1 0.50 0.50 0.50 0.9 0.9 0.9
sphere -20 20 30 14 0.2 0.7 0.2 0.1 0.35 0.35 0.50 0.50 0.50 0.9 0.9 0.9
sphere 30 0 60 14 0.2 0.2 0.2 0.7 0.1 0.1 0.50 0.50 0.50 0.9 0.9 0.9
sphere 0 30 60 14 0.7 0.6 0.2 0.1 0.7 0.1 0.50 0.50 0.50 0.9 0.9 0.9
sphere -30 0 60 14 0.2 0.7 0.2 0.7 0.7 0.1 0.50 0.50 0.50 0.9 0.9 0.9
sphere 0 -30 60 14 0.2 0.7 0.2 0.7 0.1 0.7 0.50 0.50 0.50 0.9 0.9 0.9
sphere 0 0 0 30 0.0 0.0 0.0 0.1 0.1 0.1 0.0 0.0 0.0 0.9 0.9 0.9